          10   7.58326496E-05
          11   1.91848128E-04
          12   8.74894540E-05
          13   3.08161601E-04
          14   2.06317956E-04
          15   2.14257394E-04
          16   4.40798933E-04
          17   2.30060527E-04
          18   2.36010092E-04
          19   1.63188583E-04
          20   2.74530292E-04
          21   2.90831551E-04
          22   7.41656258E-05
          23   2.46783020E-04
          24   1.40218777E-04
          25   2.75091326E-04
          26   9.63964383E-04
          27   3.46201297E-04
          28   2.08031168E-04
          29   3.68803827E-04
          30   2.46311538E-04
          31   5.05359843E-04
          32   4.59937321E-04
          33   4.16054216E-04
          34   3.37219622E-04
          35   6.25148765E-04
          36  0.368980020    
          37   2.98571977E-04
          38   4.08976630E-04
          39   2.30676975E-04
          40   3.08678282E-04
          41   8.32253892E-04
          42   2.12326966E-04
          43   2.00115115E-04
          44   1.48122679E-04
          45   2.93174991E-04
          46   2.84075824E-04
          47   4.45141370E-04
          48   3.15322832E-04
          49   4.22152109E-04
          50   1.66221449E-04
          51   3.44142230E-04
          52  0.308341622    
          53   3.17091937E-04
          54   3.20159859E-04
          55   3.15273239E-04
          56  0.297313005    
          57  0.294677377    
          58   2.39602829E-04
          59  0.289766967    
          60   4.47276310E-04
          61   2.48594122E-04
          62   3.97744036E-04
          63  0.280610740    
          64   1.35710128E-04
          65   5.61412948E-04
          66  0.274206489    
          67   4.07203945E-04
          68   4.04404389E-04
          69   3.73282382E-04
          70  0.266379625    
          71   2.65512324E-04
          72  0.262742996    
          73   5.16981294E-04
          74   4.57468384E-04
          75   2.08357291E-04
          76   4.39697294E-04
          77   2.02447627E-04
          78  0.252539694    
          79   2.79568456E-04
          80   3.12567077E-04
          81   3.02684028E-04
          82   3.00728134E-04
          83   2.76780716E-04
          84   2.72948382E-04
          85   2.71572993E-04
          86   2.56165018E-04
          87   4.18602373E-04
          88   6.57023280E-04
          89   4.24537400E-04
          90   2.54673476E-04
          91   3.03678738E-04
          92   3.66081629E-04
          93   2.87814240E-04
          94   3.31533345E-04
          95   3.82146158E-04
          96   4.67077451E-04
          97   2.61766487E-04
          98   6.54816162E-04
          99   4.75438865E-04
         100  0.223370194    
         101   3.02249682E-04
         102   2.86076422E-04
         103  0.220130056    
         104   1.78062037E-04
         105  0.218046844    
         106   3.51646391E-04
         107   2.17120119E-04
         108   4.09569824E-04
         109  0.214010879    
         110   2.39671368E-04
         111  0.212119162    
         112   2.87746516E-04
         113  0.210252568    
         114   3.93431750E-04
         115   2.66330957E-04
         116   2.81345565E-04
         117  0.206648335    
         118   2.35818618E-04
         119   2.86006514E-04
         120   4.80796443E-04
         121   7.36980408E-04
         122  0.202418387    
         123   4.30426473E-04
         124   2.40090652E-04
         125   4.35498776E-04
         126   4.42076504E-04
         127   4.38798132E-04
         128  0.197644934    
         129   2.60156317E-04
         130   2.73511047E-04
         131   8.28222139E-04
         132   2.82345951E-04
         133   3.08119867E-04
         134   2.82133813E-04
         135   4.20741679E-04
         136   2.94733065E-04
         137  0.191087335    
         138   4.61709773E-04
         139  0.189722672    
         140   4.79875045E-04
         141   4.07546700E-04
         142   4.26013838E-04
         143   2.74897262E-04
         144   4.48463368E-04
         145   4.59578558E-04
         146   3.61861486E-04
         147   3.62621882E-04
         148   4.71088482E-04
         149   3.38188867E-04
         150  0.182680860    
         151   1.86589547E-04
         152   2.87520379E-04
         153   6.65270025E-04
         154   3.31616902E-04
         155   3.41093924E-04
         156   3.28648021E-04
         157   2.83456029E-04
         158   3.35060322E-04
         159   2.85519112E-04
         160  0.176940039    
         161   5.19710651E-04
         162   4.56675130E-04
         163   2.66367104E-04
         164   3.94149945E-04
         165   2.87906762E-04
         166   3.91929498E-04
         167  0.173202991    
         168   3.03519832E-04
         169   2.25360127E-04
         170   2.77972082E-04
         171   2.94504425E-04
         172   3.54908349E-04
         173   3.44821019E-04
         174   2.84598209E-04
         175   5.50983532E-04
         176   4.10305394E-04
         177   3.95581388E-04
         178  0.167816028    
         179   3.22611391E-04
         180   2.90045893E-04
         181  0.234683067    
         182   3.33838252E-04
         183  0.165500164    
         184   2.59029533E-04
         185   3.86292115E-04
         186   3.36385274E-04
         187   4.17852134E-04
         188  0.163286075    
         189  0.162841946    
         190   2.93920195E-04
         191   2.86745577E-04
         192  0.161597505    
         193   2.16352099E-04
         194   3.42371583E-04
         195  0.160348997    
         196  0.159947351    
         197  0.159554869    
         198   2.68004544E-04
         199   2.81375513E-04
         200   3.16752237E-04
         201   4.26712009E-04
         202   2.33781175E-04
         203  0.221717626    
         204   2.64434580E-04
         205   5.27411758E-04
         206   4.44020639E-04
         207   2.64005008E-04
         208   3.41366045E-04
         209   3.22332053E-04
         210  0.218036324    
         211   3.86906380E-04
         212   4.63052100E-04
         213   3.63554951E-04
         214  0.216029078    
         215   5.94386016E-04
         216  0.152391255    
         217  0.152044237    
         218   3.07818875E-04
         219   3.05258902E-04
         220  0.151015133    
         221  0.150721192    
         222  0.150357857    
         223   3.25192232E-04
         224  0.149671987    
         225   4.54136869E-04
         226   3.36026889E-04
         227   3.03165929E-04
         228   4.65775229E-04
         229   3.70681897E-04
         230   3.14178382E-04
         231  0.147377029    
         232  0.147076234    
         233   2.75356608E-04
         234   3.80263955E-04
         235   4.36739414E-04
         236  0.145824000    
         237  0.145501450    
         238   3.12427641E-04
         239   3.84257932E-04
         240   3.73035960E-04
         241  0.144308701    
         242   3.53708980E-04
         243   4.18110692E-04
         244   3.39890074E-04
         245   2.86495982E-04
         246  0.142826185    
         247   3.94288363E-04
         248  0.142280981    
         249  0.141989410    
         250   3.49282695E-04
         251   4.32987377E-04
         252   3.39560676E-04
         253   4.71310457E-04
         254   3.50785151E-04
         255  0.140309826    
         256  0.197653100    
         257   4.80418443E-04
         258   3.46904912E-04
         259  0.139216021    
         260   3.48819449E-04
         261   5.10048179E-04
         262   3.98246979E-04
         263   2.62835267E-04
         264   2.86516355E-04
         265   3.46955232E-04
         266   3.21798463E-04
         267  0.137131572    
         268   3.36617726E-04
         269   2.97624763E-04
         270   4.61574644E-04
         271  0.136109233    
         272  0.135856882    
         273  0.135618046    
         274   3.29720817E-04
         275  0.135104463    
         276  0.134893283    
         277   3.64198786E-04
         278  0.134411797    
         279  0.134165749    
         280   3.38245358E-04
         281   3.10253992E-04
         282   4.18186770E-04
         283   2.81307497E-04
         284   4.38135699E-04
         285  0.132751420    
         286   2.57961045E-04
         287   3.30126379E-04
         288  0.132061958    
         289   3.13416909E-04
         290   4.18741198E-04
         291   3.79046018E-04
         292   3.14940320E-04
         293   3.21249274E-04
         294   3.96822434E-04
         295  0.130511314    
         296  0.130264744    
         297  0.183614492    
         298   3.19769490E-04
         299   3.81653488E-04
         300  0.129398033    
         301   3.63785977E-04
         302  0.128973156    
         303  0.128758743    
         304   3.57365323E-04
         305   3.65888060E-04
         306  0.180900559    
         307   4.05563274E-04
         308  0.127714381    
         309   2.87029485E-04
         310   2.98359111E-04
         311   2.93343706E-04
         312   3.82198516E-04
         313  0.126684636    
         314   5.02877694E-04
         315   3.03693494E-04
         316  0.126100063    
         317   3.51294264E-04
         318   3.01499327E-04
         319   4.22149024E-04
         320   3.16094811E-04
         321  0.125126511    
         322   4.17471281E-04
         323  0.124710724    
         324  0.175803483    
         325   2.79631786E-04
         326   3.35791527E-04
         327  0.123942435    
         328  0.174761087    
         329   3.60256759E-04
         330   3.05281341E-04
         331  0.123206645    
         332   3.51107650E-04
         333   3.46476707E-04
         334  0.173158035    
         335  0.122472025    
         336   3.97670141E-04
         337   3.91933281E-04
         338  0.121915326    
         339   3.15105048E-04
         340   3.05218186E-04
         341   3.57995450E-04
         342   3.21353000E-04
         343   3.61908809E-04
         344   3.26238165E-04
         345   4.26160346E-04
         346   3.19882151E-04
         347  0.120355621    
         348  0.120138951    
         349   3.97995696E-04
         350  0.119821928    
         351   3.64520383E-04
         352  0.168746561    
         353   3.51957919E-04
         354  0.119120546    
         355  0.118979864    
         356   4.48334147E-04
         357   3.56176839E-04
         358   3.21569794E-04
         359  0.118279792    
         360   3.99800425E-04
         361   3.17193655E-04
         362   3.69199988E-04
         363   3.77467455E-04
         364   3.00484156E-04
         365   4.37595445E-04
         366  0.117171586    
         367   3.49571143E-04
         368  0.116900750    
         369  0.116704978    
         370  0.116540700    
         371   4.55311092E-04
         372   3.88445798E-04
         373   3.11629847E-04
         374   3.53754440E-04
         375   3.64484818E-04
         376   3.65007989E-04
         377  0.163058117    
         378   4.44554491E-04
         379   4.47411352E-04
         380   3.20292223E-04
         381  0.114858247    
         382   4.55405272E-04
         383   4.21485893E-04
         384   3.52591946E-04
         385   3.11933720E-04
         386   3.57934448E-04
         387   3.37699603E-04
         388   3.32414667E-04
         389  0.113684215    
         390   3.48928443E-04
         391   3.73495801E-04
         392   3.21019616E-04
         393  0.113090836    
         394  0.112944566    
         395  0.194909975    
         396   3.22293607E-04
         397   3.72158975E-04
         398  0.112385944    
         399   3.20782361E-04
         400   4.19432734E-04
         401  0.111958399    
         402   3.70426627E-04
         403  0.111702606    
         404   3.57127748E-04
         405   4.26686864E-04
         406   3.48453148E-04
         407   3.65259417E-04
         408   3.24396446E-04
         409  0.110869542    
         410  0.110715352    
         411   2.73299665E-04
         412  0.190863803    
         413   3.48091708E-04
         414   3.61439394E-04
         415  0.110072583    
         416  0.109941773    
         417  0.109799258    
         418   3.72486014E-04
         419   3.35966732E-04
         420   3.69898247E-04
         421   3.47753958E-04
         422  0.154183418    
         423   4.13963571E-04
         424  0.108894281    
         425   2.76477454E-04
         426  0.108632028    
         427   3.64234264E-04
         428  0.108372569    
         429   3.89984110E-04
         430  0.108120769    
         431   5.31444908E-04
         432  0.107883863    
         433  0.107769966    
         434   3.95288633E-04
         435   3.55302123E-04
         436   2.94440077E-04
         437   3.12985154E-04
         438   3.74783151E-04
         439   3.06480040E-04
         440  0.106920592    
         441   3.70522874E-04
         442   3.83332430E-04
         443  0.106549956    
         444  0.106420740    
         445   3.43677646E-04
         446   3.55946075E-04
         447   4.04451304E-04
         448   4.27562307E-04
         449  0.105818197    
         450  0.149326622    
         451   4.27645457E-04
         452   4.58947092E-04
         453   3.71893431E-04
         454  0.105247363    
         455   3.17834259E-04
         456  0.105009817    
         457  0.104904518    
         458  0.148010075    
         459   2.65174604E-04
         460   3.30343668E-04
         461  0.104405612    
         462   4.45881858E-04
         463   3.56382254E-04
         464   2.61402456E-04
         465   3.31100309E-04
         466  0.103879385    
         467   3.73160350E-04
         468  0.103657447    
         469  0.103534803    
         470  0.230298534    
         471   3.63924337E-04
         472  0.103214853    
         473   4.88396094E-04
         474   3.05368478E-04
         475   3.40666098E-04
         476  0.102787182    
         477   3.58210178E-04
         478  0.102604285    
         479  0.144761369    
         480  0.102336191    
         481  0.102255121    
         482  0.102146827    
         483  0.102040552    
         484  0.144015685    
         485   3.65762593E-04
         486  0.143694654    
         487   2.79989472E-04
         488  0.143404752    
         489  0.143284008    
         490  0.101315312    
         491   3.09939904E-04
         492   3.69797141E-04
         493  0.101005979    
         494  0.142555535    
         495  0.174225867    
         496   4.21235221E-04
         497   3.96599673E-04
         498   3.19794693E-04
         499  0.100404009    
         500  0.100309886    
         501   3.17854050E-04
         502  0.141433373    
         503   9.99910235E-02
         504   9.99183133E-02
         505   3.01460415E-04
         506  0.140861571    
         507  0.140730754    
         508   2.86145019E-04
         509   3.41183768E-04
         510   3.00849235E-04
         511   9.92261320E-02
         512   9.91097316E-02
         513   9.89968926E-02
         514   3.16568243E-04
         515  0.139636979    
         516   9.87362862E-02
         517   3.44720407E-04
         518   3.71285831E-04
         519   3.44373693E-04
         520   9.83487591E-02
         521   3.33360367E-04
         522   3.85235122E-04
         523  0.138556257    
         524   3.96612595E-04
         525   9.79093313E-02
         526   3.34336102E-04
         527  0.168898106    
         528   3.53760319E-04
         529   3.38807149E-04
         530   9.74194631E-02
         531   3.55116004E-04
         532   9.72396657E-02
         533  0.137278214    
         534   9.70578492E-02
         535   2.73821526E-04
         536   3.59491212E-04
         537  0.136763260    
         538   2.59565742E-04
         539  0.136494190    
         540   9.65236723E-02
         541  0.166736990    
         542   9.63294655E-02
         543   9.62486789E-02
         544   9.61611569E-02
         545   2.95503793E-04
         546   3.45062086E-04
         547   3.89008754E-04
         548   9.58045498E-02
         549   9.57280770E-02
         550   9.56373289E-02
         551   9.55415666E-02
         552   3.37345962E-04
         553   3.61064886E-04
         554   3.44681815E-04
         555   3.21620522E-04
         556   9.51227099E-02
         557  0.134316608    
         558   3.50897724E-04
         559  0.134038851    
         560  0.133924574    
         561   3.60159873E-04
         562   9.46095735E-02
         563   9.45389122E-02
         564   9.44442824E-02
         565   2.88141251E-04
         566   9.42826644E-02
         567   9.41827148E-02
         568   9.41329449E-02
         569   2.80699343E-04
         570   9.39445645E-02
         571   9.38632116E-02
         572   9.37721655E-02
         573   2.57099455E-04
         574   2.88009382E-04
         575  0.132166103    
         576  0.132058546    
         577   9.33762267E-02
         578   3.65074578E-04
         579   9.32454988E-02
         580   9.31337625E-02
         581  0.131470636    
         582  0.131368682    
         583   9.28881615E-02
         584   3.65503220E-04
         585   9.27407891E-02
         586  0.130915076    
         587   9.25790519E-02
         588  0.159926757    
         589  0.130609736    
         590   3.52756848E-04
         591   3.35841731E-04
         592   3.34324985E-04
         593   9.21260566E-02
         594   2.95507140E-04
         595  0.129930153    
         596  0.129824072    
         597   3.02274013E-04
         598   2.45060801E-04
         599   9.16265696E-02
         600   2.97199236E-04
         601   9.14710760E-02
         602  0.129186139    
         603   2.87434552E-04
         604  0.128988996    
         605   3.18750623E-04
         606   4.73163906E-04
         607   9.10144672E-02
         608   9.09742042E-02
         609   9.09185708E-02
         610   4.12359310E-04
         611   4.43032390E-04
         612   9.06569883E-02
         613  0.128012091    
         614   3.54825170E-04
         615   3.20486230E-04
         616  0.127713367    
         617   9.02998820E-02
         618   9.02347863E-02
         619   3.49434791E-04
         620  0.155769214    
         621   3.09216586E-04
         622   3.09000141E-04
         623   3.24044202E-04
         624   3.79273639E-04
         625   8.97279009E-02
         626  0.126686305    
         627   8.95838588E-02
         628   3.40724393E-04
         629   8.94514173E-02
         630   2.93049379E-04
         631   8.92953649E-02
         632   3.55660421E-04
         633   8.91634524E-02
         634   3.41669656E-04
         635  0.125792846    
         636   3.90315516E-04
         637  0.125595286    
         638   8.88091698E-02
         639   3.91288864E-04
         640  0.125308275    
         641   3.05940484E-04
         642   8.85245055E-02
         643   4.13852686E-04
         644   8.83868486E-02
         645   3.64225358E-04
         646   2.65204697E-04
         647  0.152520806    
         648   3.78127035E-04
         649  0.124421790    
         650   8.79984796E-02
         651   8.79187137E-02
         652   3.52748932E-04
         653   8.77803266E-02
         654  0.151697487    
         655   3.37641075E-04
         656  0.123780817    
         657   3.03760171E-04
         658   3.32565833E-04
         659   3.19659041E-04
         660   8.73314664E-02
         661  0.123301044    
         662   8.71879533E-02
         663  0.173841938    
         664   8.70551765E-02
         665   8.70153755E-02
         666   8.69320035E-02
         667   8.68375227E-02
         668   3.40322702E-04
         669   4.46482562E-04
         670  0.122472137    
         671  0.122383937    
         672   4.51119238E-04
         673   3.19079612E-04
         674   3.18485050E-04
         675  0.122024804    
         676   8.62746015E-02
         677   3.47157504E-04
         678   8.61505792E-02
         679   3.55034543E-04
         680   3.53590731E-04
         681  0.121468477    
         682   8.58997777E-02
         683   3.45584092E-04
         684  0.121225998    
         685   8.57248753E-02
         686  0.148137420    
         687   3.75675590E-04
         688   2.89081247E-04
         689  0.120772123    
         690   8.54124874E-02
         691  0.147568747    
         692  0.170188278    
         693   8.52167457E-02
         694   8.51699263E-02
         695   8.50951970E-02
         696   3.77286051E-04
         697   2.89862597E-04
         698   4.16421593E-04
         699   3.74747469E-04
         700  0.119817548    
         701   8.47359523E-02
         702   8.46595541E-02
         703   3.60214035E-04
         704   8.45525786E-02
         705   3.33619479E-04
         706   8.44312385E-02
         707   4.33755195E-04
         708   8.43028948E-02
         709   8.42451379E-02
         710  0.118983328    
         711   3.09168274E-04
         712   4.25619655E-04
         713  0.118731223    
         714  0.118645906    
         715   8.38915706E-02
         716   8.38441998E-02
         717   3.18893697E-04
         718  0.167112067    
         719   3.59714672E-04
         720   8.36030692E-02
         721   4.20798751E-04
         722   8.34971145E-02
         723   8.34309012E-02
         724   8.33715275E-02
         725   4.14553273E-04
         726  0.166169181    
         727   3.57767567E-04
         728   3.28613882E-04
         729   3.57971672E-04
         730   8.30254555E-02
         731  0.117273957    
         732   8.29102024E-02
         733   8.28787759E-02
         734   3.51613446E-04
         735  0.116946183    
         736  0.143041268    
         737   8.26371536E-02
         738   3.35424091E-04
         739   4.15564486E-04
         740  0.116552614    
         741  0.116487525    
         742  0.116381057    
         743   2.82750145E-04
         744   8.22516978E-02
         745   3.76068259E-04
         746   3.16970283E-04
         747   2.72508711E-04
         748  0.115934908    
         749   3.51640687E-04
         750  0.115770236    
         751  0.115690917    
         752   8.18041936E-02
         753   8.17621350E-02
         754   4.40227886E-04
         755   8.16647708E-02
         756  0.115307495    
         757   8.15460458E-02
         758   8.14822167E-02
         759   8.14354047E-02
         760   8.13679025E-02
         761  0.114931829    
         762   8.12758580E-02
         763  0.181141049    
         764  0.140396193    
         765  0.114631735    
         766  0.114567302    
         767   2.71118828E-04
         768   2.73799378E-04
         769   3.53342562E-04
         770   8.08434188E-02
         771   8.07995871E-02
         772   3.99377779E-04
         773  0.114027530    
         774   8.06424022E-02
         775  0.113907076    
         776  0.113827862    
         777   8.04865733E-02
         778  0.160545006    
         779   3.26702342E-04
         780   8.03299397E-02
         781   3.78488330E-04
         782   8.02220032E-02
         783  0.160055563    
         784  0.113242961    
         785  0.113169521    
         786   3.64178472E-04
         787  0.113023080    
         788  0.112949029    
         789  0.112879209    
         790   7.98341185E-02
         791   7.97713771E-02
         792  0.112674080    
         793   3.89807799E-04
         794   3.73668794E-04
         795   3.36548168E-04
         796   3.55834229E-04
         797   7.94613734E-02
         798  0.112246782    
         799   7.93714374E-02
         800   3.53423500E-04
         801   7.92697743E-02
         802   7.92245567E-02
         803   7.91692361E-02
         804  0.111828133    
         805  0.111761816    
         806   7.90270194E-02
         807  0.111623079    
         808  0.176051825    
         809  0.136450276    
         810   3.33907956E-04
         811   3.74603842E-04
         812   3.45648063E-04
         813   4.25125821E-04
         814   3.02632106E-04
         815   7.85864666E-02
         816  0.135884494    
         817   7.84969479E-02
         818  0.110847004    
         819   7.84005672E-02
         820   4.58565162E-04
         821  0.110643670    
         822  0.110596381    
         823   4.13479167E-04
         824  0.135215461    
         825  0.110389531    
         826   7.80722275E-02
         827  0.110272743    
         828   3.78945639E-04
         829   7.79224187E-02
         830   3.62611841E-04
         831  0.134638697    
         832  0.134543568    
         833  0.109846964    
         834   3.38178274E-04
         835  0.109736912    
         836   3.25197034E-04
         837  0.109618992    
         838   3.26958310E-04
         839  0.109466270    
         840  0.109407388    
         841   3.82761325E-04
         842   7.73154572E-02
         843   7.72799104E-02
         844   3.82372411E-04
         845   7.71877542E-02
         846  0.188390896    
         847   3.72521929E-04
         848  0.133277863    
         849  0.133209452    
         850  0.108753882    
         851  0.133055955    
         852   2.74463935E-04
         853   7.68361986E-02
         854   7.67880604E-02
         855  0.108442947    
         856   7.66918659E-02
         857  0.108338125    
         858  0.108276695    
         859   7.65541419E-02
         860   4.33366891E-04
         861  0.108073696    
         862  0.132200152    
         863  0.107937917    
         864   3.11641081E-04
         865   4.79450828E-04
         866   4.04775579E-04
         867   7.62039125E-02
         868   7.61483535E-02
         869   7.61125684E-02
         870  0.131612450    
         871   4.01857018E-04
         872  0.107388377    
         873   7.59357810E-02
         874   3.54698132E-04
         875   3.69877554E-04
         876   4.22775920E-04
         877   4.74597298E-04
         878  0.130991980    
         879  0.130927801    
         880   7.56356642E-02
         881   7.56037086E-02
         882   7.55465105E-02
         883   7.55079463E-02
         884   7.54672810E-02
         885   7.54207596E-02
         886   3.22855922E-04
         887   7.53353909E-02
         888   7.52849653E-02
         889  0.106367745    
         890  0.130106553    
         891  0.130039245    
         892   3.63455183E-04
         893  0.149907723    
         894  0.129828036    
         895  0.129750460    
         896   3.84221872E-04
         897  0.129624963    
         898   7.48732984E-02
         899   3.03627166E-04
         900  0.166860402    
         901  0.105655909    
         902   3.48091999E-04
         903  0.105539136    
         904  0.105474718    
         905   7.46101364E-02
         906  0.105358340    
         907   3.85652704E-04
         908   3.83032107E-04
         909   7.44173974E-02
         910  0.128676146    
         911  0.105075531    
         912   7.43134767E-02
         913  0.128489330    
         914   3.20991792E-04
         915  0.128344610    
         916  0.104771622    
         917  0.104734667    
         918  0.104680203    
         919  0.147789985    
         920   7.39728212E-02
         921   2.93184828E-04
         922   7.38918707E-02
         923   3.89908470E-04
         924  0.104332268    
         925  0.147320494    
         926  0.127580479    
         927   3.47273279E-04
         928   7.36505166E-02
         929   7.36226216E-02
         930  0.103989854    
         931   3.63368541E-04
         932  0.146756217    
         933   3.95288283E-04
         934  0.103760384    
         935   3.63650994E-04
         936   2.84293259E-04
         937   3.48816742E-04
         938   2.90431228E-04
         939   3.04424699E-04
         940   7.31847063E-02
         941  0.146068454    
         942   3.44199041E-04
         943  0.126432717    
         944   7.30240718E-02
         945   7.30065331E-02
         946   7.29519352E-02
         947   7.29199499E-02
         948  0.103009969    
         949   3.39141145E-04
         950  0.102917254    
         951   3.79416510E-04
         952   7.27224797E-02
         953  0.102744244    
         954   4.48521605E-04
         955  0.125626653    
         956  0.161916718    
         957  0.102517955    
         958   7.25048780E-02
         959   7.24506527E-02
         960   7.24242330E-02
         961  0.102310784    
         962  0.161417454    
         963  0.161336169    
         964   7.22660050E-02
         965  0.124986008    
         966   7.22130463E-02
         967  0.101998761    
         968   7.21221492E-02
         969  0.101901941    
         970   3.33541626E-04
         971  0.101776347    
         972  0.101717860    
         973   2.96044425E-04
         974   3.35771037E-04
         975   4.10581066E-04
         976   3.45186680E-04
         977   4.10296285E-04
         978   4.16223280E-04
         979  0.101364933    
         980  0.124013804    
         981  0.123954438    
         982   7.16023818E-02
         983   7.15476945E-02
         984   7.15334341E-02
         985  0.101062596    
         986  0.159462139    
         987   3.42326704E-04
         988  0.123501547    
         989   3.15554207E-04
         990  0.142395765    
         991   3.50345828E-04
         992  0.142270312    
         993  0.123209000    
         994  0.100612253    
         995  0.100551695    
         996   3.91916168E-04
         997  0.100451790    
         998  0.100398071    
         999  0.100342400    
