   1.12246215    
   1.12249780    
   1.12247181    
   1.12244225    
   1.12247491    
   1.12245286    
   1.12245750    
   1.12245905    
   1.12247753    
   1.12243080    
   1.12245762    
   1.12245452    
   1.12241113    
   1.12245750    
   1.12246644    
   1.12247443    
   1.12251008    
   1.12241220    
   1.12243223    
   1.12247789    
   1.12245786    
   1.12246037    
   1.12245905    
   1.12251818    
   1.12244070    
   1.12249780    
   1.12245882    
   1.12245607    
   1.12245750    
   1.12245905    
   1.12249649    
   1.12251008    
   1.12245750    
   1.12244117    
   1.12243593    
   1.12241113    
   1.12244308    
   1.12243724    
   1.12246382    
   1.12246370    
   1.12246060    
   1.12248516    
   1.12246299    
   1.12249672    
   1.12245870    
   1.12244344    
   1.12247634    
   1.12251925    
   1.12247181    
   1.12247753    
   1.12243879    
   1.12244952    
   1.12244987    
   1.12245750    
   1.12244725    
   1.12245369    
   1.12245440    
   1.12241268    
   1.12244105    
   1.12246037    
   1.12246561    
   1.12244987    
   1.12251973    
   1.12245750    
   1.12245023    
   1.12249780    
   1.12246299    
   1.12245417    
   1.12244809    
   1.12241375    
   1.12249780    
   1.12247491    
   1.12244558    
   1.12245905    
   1.12247753    
   1.12246037    
   1.12247491    
   1.12246680    
   1.12249517    
   1.12243617    
   1.12247598    
   1.12249589    
   1.12242150    
   1.12247133    
   1.12245750    
   1.12249517    
   1.12245870    
   1.12249780    
   1.12243640    
   1.12245941    
   1.12243462    
   1.12244952    
   1.12245178    
   1.12245905    
   1.12242424    
   1.12245286    
   1.12244058    
   1.12239671    
   1.12246561    
   1.12245786    
